Record	Type	Sample Name	Measurement Date and Time	T (°C)	Z-Ave (d.nm)	PdI	Pk 1 Mean Int (d.nm)	Pk 2 Mean Int (d.nm)	Pk 3 Mean Int (d.nm)	Pk 1 Area Int (Percent)	Pk 2 Area Int (Percent)	Pk 3 Area Int (Percent)	Aggregation Index	Scattering Angle (°)	Attenuator	Mean Count Rate (kcps)	Derived Count Rate (kcps)
1	Size	1 BSUVs 1	Tuesday, 15 October 2024 09:56:05	25,0	105,7	0,048	112,4	0,000	0,000	100,0	0,0	0,0		173	8	158,2	3594,7
2	Size	1 BSUVs 2	Tuesday, 15 October 2024 09:58:18	25,0	105,9	0,069	114,3	0,000	0,000	100,0	0,0	0,0		173	8	195,3	4439,5
3	Size	1 BSUVs 3	Tuesday, 15 October 2024 10:00:31	25,0	107,9	0,055	115,6	0,000	0,000	100,0	0,0	0,0		173	8	281,6	6400,3
7	Size	2 DSUVs 1	Tuesday, 15 October 2024 10:15:21	25,0	120,3	0,056	128,8	0,000	0,000	100,0	0,0	0,0		173	7	164,9	13069,7
8	Size	2 DSUVs 2	Tuesday, 15 October 2024 10:18:04	25,0	119,2	0,052	127,1	0,000	0,000	100,0	0,0	0,0		173	7	177,9	14104,1
9	Size	2 DSUVs 3	Tuesday, 15 October 2024 10:20:48	25,0	118,9	0,057	127,2	0,000	0,000	100,0	0,0	0,0		173	7	176,7	14008,6
10	Size	3 BSUVs 1	Tuesday, 15 October 2024 10:25:25	25,0	112,0	0,052	118,7	0,000	0,000	100,0	0,0	0,0		173	8	292,3	6642,3
11	Size	3 BSUVs 2	Tuesday, 15 October 2024 10:27:38	25,0	110,4	0,050	117,8	0,000	0,000	100,0	0,0	0,0		173	8	243,4	5530,9
12	Size	3 BSUVs 3	Tuesday, 15 October 2024 10:29:51	25,1	108,8	0,041	115,4	0,000	0,000	100,0	0,0	0,0		173	8	188,8	4291,3
13	Size	4 BSUVs 1	Tuesday, 15 October 2024 10:34:30	25,1	109,0	0,037	112,0	0,000	0,000	100,0	0,0	0,0		173	10	391,9	1394,6
14	Size	4 BSUVs 2	Tuesday, 15 October 2024 10:36:43	25,0	109,4	0,039	116,1	0,000	0,000	100,0	0,0	0,0		173	10	458,8	1632,7
15	Size	4 BSUVs 3	Tuesday, 15 October 2024 10:38:56	25,0	107,8	0,068	116,8	0,000	0,000	100,0	0,0	0,0		173	10	214,9	764,7
16	Size	5 BSUVs 1	Tuesday, 15 October 2024 10:45:55	25,0	110,0	0,065	118,9	0,000	0,000	100,0	0,0	0,0		173	8	251,0	5703,6
17	Size	5 BSUVs 2	Tuesday, 15 October 2024 10:48:08	25,1	110,2	0,048	117,0	0,000	0,000	100,0	0,0	0,0		173	8	200,4	4554,2
18	Size	5 BSUVs 3	Tuesday, 15 October 2024 10:50:21	25,0	108,7	0,046	115,5	0,000	0,000	100,0	0,0	0,0		173	8	289,9	6587,7
19	Size	6 BSUVs 1	Tuesday, 15 October 2024 10:57:45	25,0	109,0	0,032	116,7	0,000	0,000	100,0	0,0	0,0		173	9	92,1	830,1
21	Size	6 BSUVs 3	Tuesday, 15 October 2024 11:02:11	25,0	108,3	0,070	117,1	0,000	0,000	100,0	0,0	0,0		173	9	305,3	2750,5
22	Size	6 BSUVs 2	Tuesday, 15 October 2024 11:07:51	25,0	109,4	0,064	117,4	0,000	0,000	100,0	0,0	0,0		173	8	253,7	5765,4
23	Size	7 BSUVs 1	Tuesday, 15 October 2024 11:12:32	25,0	110,4	0,061	118,7	0,000	0,000	100,0	0,0	0,0		173	8	137,1	3115,4
24	Size	7 BSUVs 3	Tuesday, 15 October 2024 11:16:46	25,0	107,3	0,050	114,7	0,000	0,000	100,0	0,0	0,0		173	8	138,3	3142,3
25	Size	7 BSUVs 2	Tuesday, 15 October 2024 11:18:48	25,0	109,2	0,031	115,6	0,000	0,000	100,0	0,0	0,0		173	8	228,9	5202,8
26	Size	1 BSUVs A 1	Tuesday, 15 October 2024 11:23:58	25,0	112,6	0,066	122,0	0,000	0,000	100,0	0,0	0,0		173	8	333,9	7589,0
27	Size	1 BSUVs A 2	Tuesday, 15 October 2024 11:26:01	25,0	110,4	0,043	117,3	0,000	0,000	100,0	0,0	0,0		173	8	339,1	7706,5
28	Size	1 BSUVs A 3	Tuesday, 15 October 2024 11:28:04	25,0	109,9	0,083	120,7	0,000	0,000	100,0	0,0	0,0		173	8	334,5	7601,5
29	Size	2 DSUVs A 1	Tuesday, 15 October 2024 11:33:13	25,0	120,5	0,057	129,7	0,000	0,000	100,0	0,0	0,0		173	7	166,7	13213,6
30	Size	2 DSUVs A 2	Tuesday, 15 October 2024 11:35:46	25,0	118,3	0,069	127,1	0,000	0,000	100,0	0,0	0,0		173	7	164,1	13010,1
31	Size	2 DSUVs A 3	Tuesday, 15 October 2024 11:38:19	25,0	117,2	0,087	128,5	0,000	0,000	100,0	0,0	0,0		173	7	162,8	12905,4
32	Size	3 BSUVs A 1	Tuesday, 15 October 2024 11:43:00	25,0	110,0	0,037	116,6	0,000	0,000	100,0	0,0	0,0		173	8	298,0	6773,8
33	Size	3 BSUVs A 2	Tuesday, 15 October 2024 11:45:13	25,0	109,7	0,041	116,3	0,000	0,000	100,0	0,0	0,0		173	8	294,1	6685,2
34	Size	3 BSUVs A 3	Tuesday, 15 October 2024 11:47:26	25,0	109,5	0,052	116,3	0,000	0,000	100,0	0,0	0,0		173	8	296,9	6746,7
35	Size	4 BSUVs A 1	Tuesday, 15 October 2024 11:58:23	25,0	109,9	0,085	121,2	0,000	0,000	100,0	0,0	0,0		173	8	294,1	6684,5
36	Size	4 BSUVs A 2	Tuesday, 15 October 2024 12:00:36	25,0	108,8	0,098	121,7	0,000	0,000	100,0	0,0	0,0		173	8	292,4	6645,2
37	Size	4 BSUVs A 3	Tuesday, 15 October 2024 12:02:49	25,0	108,9	0,067	118,0	0,000	0,000	100,0	0,0	0,0		173	8	292,4	6645,2
38	Size	5 BSUVs A 1	Tuesday, 15 October 2024 12:07:18	25,0	112,6	0,071	122,2	0,000	0,000	100,0	0,0	0,0		173	8	300,8	6837,2
39	Size	5 BSUVs A 2	Tuesday, 15 October 2024 12:09:31	25,0	111,9	0,079	122,0	0,000	0,000	100,0	0,0	0,0		173	8	307,7	6992,4
40	Size	5 BSUVs A 3	Tuesday, 15 October 2024 12:11:44	25,0	110,9	0,071	120,4	0,000	0,000	100,0	0,0	0,0		173	8	304,6	6922,3
41	Size	6 BSUVs A 1	Tuesday, 15 October 2024 12:16:15	25,0	109,8	0,031	115,8	0,000	0,000	100,0	0,0	0,0		173	8	296,5	6738,7
42	Size	6 BSUVs A 2	Tuesday, 15 October 2024 12:18:28	25,0	109,0	0,056	117,3	0,000	0,000	100,0	0,0	0,0		173	8	296,3	6733,1
43	Size	6 BSUVs A 3	Tuesday, 15 October 2024 12:20:41	25,0	110,1	0,056	118,5	0,000	0,000	100,0	0,0	0,0		173	8	291,4	6623,0
44	Size	7 BSUVs S 1	Tuesday, 15 October 2024 12:25:27	25,0	110,4	0,065	118,9	0,000	0,000	100,0	0,0	0,0		173	8	280,7	6379,4
45	Size	7 BSUVs S 2	Tuesday, 15 October 2024 12:27:40	25,0	109,7	0,038	116,3	0,000	0,000	100,0	0,0	0,0		173	8	279,5	6351,7
46	Size	7 BSUVs S 3	Tuesday, 15 October 2024 12:29:53	25,0	108,9	0,054	116,6	0,000	0,000	100,0	0,0	0,0		173	8	280,0	6364,8
47	Size	1 BSUVs AS 1	Tuesday, 15 October 2024 12:34:30	25,0	161,6	0,141	189,4	0,000	0,000	100,0	0,0	0,0		173	8	325,2	7390,2
48	Size	1 BSUVs AS 2	Tuesday, 15 October 2024 12:36:43	25,0	159,5	0,143	187,9	0,000	0,000	100,0	0,0	0,0		173	8	326,0	7408,1
49	Size	1 BSUVs AS 3	Tuesday, 15 October 2024 12:38:56	25,0	162,3	0,162	194,7	0,000	0,000	100,0	0,0	0,0		173	8	330,4	7508,8
50	Size	2 DSUVs AS 1	Tuesday, 15 October 2024 12:43:59	25,0	117,5	0,093	129,4	0,000	0,000	100,0	0,0	0,0		173	7	160,3	12707,8
51	Size	2 DSUVs AS 2	Tuesday, 15 October 2024 12:46:42	25,0	118,6	0,033	125,5	0,000	0,000	100,0	0,0	0,0		173	7	160,1	12693,4
52	Size	2 DSUVs AS 3	Tuesday, 15 October 2024 12:49:26	25,0	117,6	0,089	129,3	0,000	0,000	100,0	0,0	0,0		173	7	158,7	12577,9
53	Size	3 BSUVs AS 1	Tuesday, 15 October 2024 12:54:10	25,0	111,4	0,072	120,8	0,000	0,000	100,0	0,0	0,0		173	8	324,3	7369,9
54	Size	3 BSUVs AS 2	Tuesday, 15 October 2024 12:56:12	25,0	112,4	0,086	123,9	0,000	0,000	100,0	0,0	0,0		173	8	322,5	7330,6
55	Size	3 BSUVs AS 3	Tuesday, 15 October 2024 12:58:15	25,0	111,9	0,066	122,5	0,000	0,000	100,0	0,0	0,0		173	8	320,5	7283,8
56	Size	4 BSUVs AS 1	Tuesday, 15 October 2024 13:03:55	25,0	112,7	0,084	123,8	0,000	0,000	100,0	0,0	0,0		173	8	294,9	6701,5
57	Size	4 BSUVs AS 2	Tuesday, 15 October 2024 13:06:08	25,0	117,1	0,075	127,6	0,000	0,000	100,0	0,0	0,0		173	8	305,6	6945,3
58	Size	4 BSUVs AS 3	Tuesday, 15 October 2024 13:08:21	25,0	115,2	0,083	126,5	0,000	0,000	100,0	0,0	0,0		173	8	306,1	6957,7
59	Size	5 BSUVs AS 1	Tuesday, 15 October 2024 13:13:15	25,0	116,5	0,083	127,6	0,000	0,000	100,0	0,0	0,0		173	8	317,3	7211,8
60	Size	5 BSUVs AS 2	Tuesday, 15 October 2024 13:15:18	25,0	116,9	0,106	131,0	0,000	0,000	100,0	0,0	0,0		173	8	320,5	7283,0
61	Size	5 BSUVs AS 3	Tuesday, 15 October 2024 13:17:21	25,0	118,0	0,070	128,9	0,000	0,000	100,0	0,0	0,0		173	8	321,5	7306,8
62	Size	6 BSUVs AS 1	Tuesday, 15 October 2024 13:21:49	25,0	212,5	0,168	244,2	0,000	0,000	100,0	0,0	0,0		173	8	327,5	7442,9
63	Size	6 BSUVs AS 2	Tuesday, 15 October 2024 13:24:02	25,0	205,8	0,136	237,1	0,000	0,000	100,0	0,0	0,0		173	8	334,4	7599,3
64	Size	6 BSUVs AS 3	Tuesday, 15 October 2024 13:26:15	25,0	204,1	0,154	243,0	0,000	0,000	100,0	0,0	0,0		173	8	331,0	7522,4
