Record	Type	Sample Name	Measurement Date and Time	T (°C)	Z-Ave (d.nm)	PdI	Pk 1 Mean Int (d.nm)	Pk 2 Mean Int (d.nm)	Pk 3 Mean Int (d.nm)	Pk 1 Area Int (Percent)	Pk 2 Area Int (Percent)	Pk 3 Area Int (Percent)	Aggregation Index	Scattering Angle (°)	Attenuator	Mean Count Rate (kcps)	Derived Count Rate (kcps)
1	Size	1 BSUVs 1	Tuesday, 22 October 2024 11:17:22	25,0	112,0	0,014	117,1	0,000	0,000	100,0	0,0	0,0		173	7	271,5	21523,7
2	Size	1 BSUVs 2	Tuesday, 22 October 2024 11:19:35	25,1	111,2	0,043	118,1	0,000	0,000	100,0	0,0	0,0		173	7	289,0	22914,5
3	Size	1 BSUVs 3	Tuesday, 22 October 2024 11:21:48	25,0	111,4	0,033	117,9	0,000	0,000	100,0	0,0	0,0		173	7	268,7	21302,8
5	Size	2 DSUVs 2	Tuesday, 22 October 2024 11:33:39	25,0	120,5	0,116	132,3	0,000	0,000	100,0	0,0	0,0		173	7	124,9	9904,7
6	Size	2 DSUVs 3	Tuesday, 22 October 2024 11:35:42	25,0	122,0	0,081	134,2	0,000	0,000	100,0	0,0	0,0		173	7	205,0	16250,7
7	Size	2 DSUVs 1	Tuesday, 22 October 2024 11:44:58	25,0	121,1	0,055	130,5	0,000	0,000	100,0	0,0	0,0		173	7	200,5	15894,5
8	Size	3 BSUVs 1	Tuesday, 22 October 2024 11:49:23	25,0	112,6	0,033	118,7	0,000	0,000	100,0	0,0	0,0		173	8	382,0	8681,4
9	Size	3 BSUVs 2	Tuesday, 22 October 2024 11:51:27	25,0	110,0	0,072	119,6	0,000	0,000	100,0	0,0	0,0		173	8	349,7	7948,3
10	Size	3 BSUVs 3	Tuesday, 22 October 2024 11:53:30	25,0	112,2	0,023	118,1	0,000	0,000	100,0	0,0	0,0		173	8	376,7	8561,2
14	Size	4 BSUVs 1	Tuesday, 22 October 2024 12:11:11	25,0	110,5	0,072	120,8	0,000	0,000	100,0	0,0	0,0		173	9	294,3	2651,7
15	Size	4 BSUVs 2	Tuesday, 22 October 2024 12:13:34	25,0	109,4	0,091	121,9	0,000	0,000	100,0	0,0	0,0		173	9	508,0	4576,7
16	Size	4 BSUVs 3	Tuesday, 22 October 2024 12:15:58	25,0	109,2	0,080	119,6	0,000	0,000	100,0	0,0	0,0		173	9	256,4	2310,2
17	Size	5 BSUVs 1	Tuesday, 22 October 2024 12:20:46	25,0	113,5	0,053	120,8	0,000	0,000	100,0	0,0	0,0		173	7	93,3	7393,6
18	Size	5 BSUVs 2	Tuesday, 22 October 2024 12:23:20	25,0	112,6	0,046	119,2	0,000	0,000	100,0	0,0	0,0		173	7	74,8	5930,5
19	Size	5 BSUVs 3	Tuesday, 22 October 2024 12:25:54	25,0	112,3	0,046	119,3	0,000	0,000	100,0	0,0	0,0		173	7	99,6	7893,0
20	Size	6 BSUVs 1	Tuesday, 22 October 2024 12:30:20	25,0	112,0	0,033	118,3	0,000	0,000	100,0	0,0	0,0		173	8	171,2	3891,3
21	Size	6 BSUVs 2	Tuesday, 22 October 2024 12:32:23	24,9	108,5	0,084	119,9	0,000	0,000	100,0	0,0	0,0		173	8	155,8	3541,2
22	Size	6 BSUVs 3	Tuesday, 22 October 2024 12:34:27	25,0	111,3	0,041	118,5	0,000	0,000	100,0	0,0	0,0		173	8	239,0	5432,2
23	Size	7 BSUVs 1	Tuesday, 22 October 2024 12:38:46	25,0	113,2	0,025	118,9	0,000	0,000	100,0	0,0	0,0		173	8	322,2	7323,5
24	Size	7 BSUVs 2	Tuesday, 22 October 2024 12:40:49	25,0	110,9	0,053	118,7	0,000	0,000	100,0	0,0	0,0		173	8	345,4	7849,7
25	Size	7 BSUVs 3	Tuesday, 22 October 2024 12:42:53	25,0	110,2	0,063	119,0	0,000	0,000	100,0	0,0	0,0		173	8	402,6	9149,0
26	Size	1 BSUVs A 1	Tuesday, 22 October 2024 12:47:21	25,0	112,3	0,036	118,6	0,000	0,000	100,0	0,0	0,0		173	8	336,9	7657,2
27	Size	1 BSUVs A 2	Tuesday, 22 October 2024 12:49:24	25,0	110,8	0,071	119,8	0,000	0,000	100,0	0,0	0,0		173	8	339,0	7704,5
28	Size	1 BSUVs A 3	Tuesday, 22 October 2024 12:51:28	25,0	110,4	0,047	117,6	0,000	0,000	100,0	0,0	0,0		173	8	327,9	7452,0
29	Size	2 DSUVs A 1	Tuesday, 22 October 2024 12:56:36	25,0	121,4	0,078	132,5	0,000	0,000	100,0	0,0	0,0		173	7	116,4	9230,3
30	Size	2 DSUVs A 2	Tuesday, 22 October 2024 12:59:30	25,0	121,6	0,053	129,7	0,000	0,000	100,0	0,0	0,0		173	7	146,8	11640,7
31	Size	2 DSUVs A 3	Tuesday, 22 October 2024 13:02:24	25,0	120,6	0,081	132,4	0,000	0,000	100,0	0,0	0,0		173	7	143,6	11382,9
32	Size	3 BSUVs A 1	Tuesday, 22 October 2024 13:06:48	25,0	109,7	0,089	120,6	0,000	0,000	100,0	0,0	0,0		173	8	351,4	7987,3
33	Size	3 BSUVs A 2	Tuesday, 22 October 2024 13:08:54	25,0	111,2	0,044	117,9	0,000	0,000	100,0	0,0	0,0		173	8	356,2	8094,8
34	Size	3 BSUVs A 3	Tuesday, 22 October 2024 13:10:58	25,0	110,5	0,052	118,1	0,000	0,000	100,0	0,0	0,0		173	8	358,6	8149,2
35	Size	4 BSUVs A 1	Tuesday, 22 October 2024 13:19:38	25,0	111,4	0,077	120,9	0,000	0,000	100,0	0,0	0,0		173	8	361,0	8205,5
36	Size	4 BSUVs A 2	Tuesday, 22 October 2024 13:21:42	25,0	110,3	0,067	118,8	0,000	0,000	100,0	0,0	0,0		173	8	358,7	8152,7
37	Size	4 BSUVs A 3	Tuesday, 22 October 2024 13:23:45	25,0	110,4	0,062	118,0	0,000	0,000	100,0	0,0	0,0		173	8	354,3	8053,4
38	Size	5 BSUVs A 1	Tuesday, 22 October 2024 13:36:31	25,0	114,7	0,064	124,0	0,000	0,000	100,0	0,0	0,0		173	8	349,2	7935,6
39	Size	5 BSUVs A 2	Tuesday, 22 October 2024 13:38:34	25,0	113,6	0,081	124,2	0,000	0,000	100,0	0,0	0,0		173	8	349,4	7940,3
40	Size	5 BSUVs A 3	Tuesday, 22 October 2024 13:40:37	25,0	113,9	0,087	125,3	0,000	0,000	100,0	0,0	0,0		173	8	354,4	8055,0
41	Size	6 BSUVs A 1	Tuesday, 22 October 2024 13:45:41	25,0	111,0	0,050	118,9	0,000	0,000	100,0	0,0	0,0		173	8	372,4	8464,3
42	Size	6 BSUVs A 2	Tuesday, 22 October 2024 13:47:44	25,0	111,3	0,099	124,1	0,000	0,000	100,0	0,0	0,0		173	8	369,1	8389,7
43	Size	6 BSUVs A 3	Tuesday, 22 October 2024 13:49:47	25,0	111,1	0,045	118,2	0,000	0,000	100,0	0,0	0,0		173	8	362,0	8226,7
44	Size	7 BSUVs S 1	Tuesday, 22 October 2024 13:54:19	25,0	111,2	0,061	119,2	0,000	0,000	100,0	0,0	0,0		173	8	303,4	6896,4
45	Size	7 BSUVs S 2	Tuesday, 22 October 2024 13:56:33	25,0	111,3	0,080	121,7	0,000	0,000	100,0	0,0	0,0		173	8	311,3	7076,0
46	Size	7 BSUVs S 3	Tuesday, 22 October 2024 13:58:46	25,0	111,1	0,061	120,3	0,000	0,000	100,0	0,0	0,0		173	8	306,9	6975,0
47	Size	1 BSUVs AS 1	Tuesday, 22 October 2024 14:03:33	25,0	113,1	0,042	120,9	0,000	0,000	100,0	0,0	0,0		173	8	326,7	7424,4
48	Size	1 BSUVs AS 2	Tuesday, 22 October 2024 14:05:46	25,0	112,3	0,072	122,5	0,000	0,000	100,0	0,0	0,0		173	8	334,0	7590,4
49	Size	1 BSUVs AS 3	Tuesday, 22 October 2024 14:08:00	25,0	111,6	0,051	120,0	0,000	0,000	100,0	0,0	0,0		173	8	333,2	7571,7
59	Size	2 DSUVs AS 1	Tuesday, 22 October 2024 14:50:06	25,0	120,4	0,062	130,5	0,000	0,000	100,0	0,0	0,0		173	7	166,2	13179,5
60	Size	2 DSUVs AS 2	Tuesday, 22 October 2024 14:52:40	25,0	119,4	0,077	130,8	0,000	0,000	100,0	0,0	0,0		173	7	166,1	13172,4
61	Size	2 DSUVs AS 3	Tuesday, 22 October 2024 14:55:14	25,0	121,3	0,077	132,3	0,000	0,000	100,0	0,0	0,0		173	7	166,2	13177,2
62	Size	3 BSUVs AS 1	Tuesday, 22 October 2024 14:59:49	25,0	111,6	0,054	120,0	0,000	0,000	100,0	0,0	0,0		173	8	366,6	8332,2
63	Size	3 BSUVs AS 2	Tuesday, 22 October 2024 15:01:52	25,0	111,4	0,085	122,2	0,000	0,000	100,0	0,0	0,0		173	8	367,5	8352,3
64	Size	3 BSUVs AS 3	Tuesday, 22 October 2024 15:03:56	25,0	110,8	0,066	119,6	0,000	0,000	100,0	0,0	0,0		173	8	368,6	8376,8
65	Size	4 BSUVs AS 1	Tuesday, 22 October 2024 15:08:19	25,0	137,0	0,161	164,7	0,000	0,000	100,0	0,0	0,0		173	8	369,0	8386,7
66	Size	4 BSUVs AS 2	Tuesday, 22 October 2024 15:10:22	25,0	134,0	0,168	162,1	0,000	0,000	100,0	0,0	0,0		173	8	378,1	8592,1
67	Size	4 BSUVs AS 3	Tuesday, 22 October 2024 15:12:26	25,0	134,6	0,151	158,8	0,000	0,000	100,0	0,0	0,0		173	8	373,6	8491,5
68	Size	5 BSUVs AS 1	Tuesday, 22 October 2024 15:17:13	25,0	381,3	0,449	618,1	84,19	4863	90,7	6,9	2,3		173	8	185,2	4208,7
69	Size	5 BSUVs AS 2	Tuesday, 22 October 2024 15:19:46	25,0	452,7	0,516	1125	202,9	54,94	74,3	23,9	1,8		173	8	187,2	4254,1
70	Size	5 BSUVs AS 3	Tuesday, 22 October 2024 15:22:20	25,0	419,5	0,537	843,7	148,4	5067	79,6	19,0	1,4		173	8	185,0	4205,5
71	Size	6 BSUVs AS 1	Tuesday, 22 October 2024 15:26:35	25,0	187,2	0,129	215,1	0,000	0,000	100,0	0,0	0,0		173	8	352,7	8016,7
72	Size	6 BSUVs AS 2	Tuesday, 22 October 2024 15:28:38	25,0	182,4	0,143	213,1	0,000	0,000	100,0	0,0	0,0		173	8	347,8	7905,6
73	Size	6 BSUVs AS 3	Tuesday, 22 October 2024 15:30:42	25,0	185,3	0,126	211,7	0,000	0,000	100,0	0,0	0,0		173	8	341,1	7751,6