Record	Type	Sample Name	Measurement Date and Time	T (°C)	Z-Ave (d.nm)	PdI	Pk 1 Mean Int (d.nm)	Pk 2 Mean Int (d.nm)	Pk 3 Mean Int (d.nm)	Pk 1 Area Int (Percent)	Pk 2 Area Int (Percent)	Pk 3 Area Int (Percent)	Aggregation Index	Scattering Angle (°)	Attenuator	Mean Count Rate (kcps)	Derived Count Rate (kcps)
2	Size	1 BSUVs 2	Friday, 11 October 2024 10:29:13	25,0	108,3	0,027	114,3	0,000	0,000	100,0	0,0	0,0		173	10	531,9	1892,9
3	Size	1 BSUVs 3	Friday, 11 October 2024 10:31:16	25,0	108,2	0,057	116,3	0,000	0,000	100,0	0,0	0,0		173	10	727,6	2589,4
4	Size	1 BSUVs 1	Friday, 11 October 2024 10:34:41	25,0	109,0	0,049	116,1	0,000	0,000	100,0	0,0	0,0		173	9	242,6	2185,6
5	Size	2 DSUVs 1	Friday, 11 October 2024 10:39:55	25,0	120,4	0,060	129,5	0,000	0,000	100,0	0,0	0,0		173	7	98,5	7806,8
6	Size	2 DSUVs 2	Friday, 11 October 2024 10:42:38	25,0	118,0	0,074	128,4	0,000	0,000	100,0	0,0	0,0		173	7	103,7	8218,4
7	Size	2 DSUVs 3	Friday, 11 October 2024 10:45:22	25,1	117,7	0,054	125,0	0,000	0,000	100,0	0,0	0,0		173	7	109,7	8697,5
8	Size	3 BSUVs 1	Friday, 11 October 2024 10:51:42	25,0	110,3	0,075	120,2	0,000	0,000	100,0	0,0	0,0		173	7	122,6	9721,5
9	Size	3 BSUVs 2	Friday, 11 October 2024 10:54:37	25,0	109,5	0,056	117,9	0,000	0,000	100,0	0,0	0,0		173	7	129,0	10229,1
10	Size	3 BSUVs 3	Friday, 11 October 2024 10:57:31	25,0	109,3	0,056	116,4	0,000	0,000	100,0	0,0	0,0		173	7	135,5	10739,5
11	Size	4 BSUVs 1	Friday, 11 October 2024 11:01:52	25,0	110,9	0,019	117,2	0,000	0,000	100,0	0,0	0,0		173	8	320,1	7275,0
12	Size	4 BSUVs 2	Friday, 11 October 2024 11:03:55	25,0	110,2	0,063	118,5	0,000	0,000	100,0	0,0	0,0		173	8	260,7	5923,9
13	Size	4 BSUVs 3	Friday, 11 October 2024 11:05:58	24,9	109,3	0,057	117,3	0,000	0,000	100,0	0,0	0,0		173	8	423,4	9621,8
14	Size	5 BSUVs 1	Friday, 11 October 2024 11:11:10	25,0	110,1	0,063	118,7	0,000	0,000	100,0	0,0	0,0		173	8	253,5	5762,5
15	Size	5 BSUVs 2	Friday, 11 October 2024 11:14:04	25,0	108,7	0,057	116,6	0,000	0,000	100,0	0,0	0,0		173	8	217,2	4935,7
16	Size	5 BSUVs 3	Friday, 11 October 2024 11:16:58	25,0	108,2	0,088	119,5	0,000	0,000	100,0	0,0	0,0		173	8	229,0	5203,6
17	Size	6 BSUVs 1	Friday, 11 October 2024 11:21:49	25,0	111,8	0,039	118,0	0,000	0,000	100,0	0,0	0,0		173	7	77,0	6105,8
18	Size	6 BSUVs 2	Friday, 11 October 2024 11:24:23	25,0	108,3	0,050	115,2	0,000	0,000	100,0	0,0	0,0		173	7	72,8	5771,3
19	Size	6 BSUVs 3	Friday, 11 October 2024 11:26:57	25,0	111,4	0,046	119,3	0,000	0,000	100,0	0,0	0,0		173	7	93,6	7421,7
20	Size	7 BSUVs 1	Friday, 11 October 2024 11:32:55	25,0	111,5	0,051	119,4	0,000	0,000	100,0	0,0	0,0		173	8	279,0	6340,5
21	Size	7 BSUVs 2	Friday, 11 October 2024 11:34:58	25,0	109,3	0,077	118,8	0,000	0,000	100,0	0,0	0,0		173	8	333,0	7568,9
22	Size	7 BSUVs 3	Friday, 11 October 2024 11:37:02	25,0	108,7	0,073	118,3	0,000	0,000	100,0	0,0	0,0		173	8	234,7	5334,2
23	Size	1 BSUVs A 1	Friday, 11 October 2024 11:41:18	25,0	109,7	0,083	120,1	0,000	0,000	100,0	0,0	0,0		173	8	324,2	7369,2
24	Size	1 BSUVs A 2	Friday, 11 October 2024 11:43:22	25,0	110,1	0,046	117,0	0,000	0,000	100,0	0,0	0,0		173	8	293,0	6658,9
25	Size	1 BSUVs A 3	Friday, 11 October 2024 11:45:25	25,0	109,4	0,037	115,8	0,000	0,000	100,0	0,0	0,0		173	8	324,1	7365,3
26	Size	2 DSUVs A 1	Friday, 11 October 2024 11:50:43	25,0	117,8	0,077	128,6	0,000	0,000	100,0	0,0	0,0		173	7	162,4	12873,1
27	Size	2 DSUVs A 2	Friday, 11 October 2024 11:53:26	25,0	117,9	0,076	128,9	0,000	0,000	100,0	0,0	0,0		173	7	157,0	12443,8
28	Size	2 DSUVs A 3	Friday, 11 October 2024 11:56:10	25,0	117,6	0,042	125,0	0,000	0,000	100,0	0,0	0,0		173	7	158,5	12568,7
29	Size	3 BSUVs A 1	Friday, 11 October 2024 12:00:51	25,0	112,0	0,058	120,8	0,000	0,000	100,0	0,0	0,0		173	8	342,7	7789,6
30	Size	3 BSUVs A 2	Friday, 11 October 2024 12:03:04	25,0	110,2	0,059	117,9	0,000	0,000	100,0	0,0	0,0		173	8	338,2	7685,5
31	Size	3 BSUVs A 3	Friday, 11 October 2024 12:05:17	25,0	111,1	0,042	118,8	0,000	0,000	100,0	0,0	0,0		173	8	334,9	7612,3
32	Size	4 BSUVs A 1	Friday, 11 October 2024 12:09:38	25,0	110,5	0,030	116,6	0,000	0,000	100,0	0,0	0,0		173	8	314,4	7144,4
33	Size	4 BSUVs A 2	Friday, 11 October 2024 12:11:41	25,0	109,3	0,047	116,6	0,000	0,000	100,0	0,0	0,0		173	8	322,7	7333,5
34	Size	4 BSUVs A 3	Friday, 11 October 2024 12:13:44	25,0	109,8	0,051	117,6	0,000	0,000	100,0	0,0	0,0		173	8	322,0	7318,6
35	Size	5 BSUVs A 1	Friday, 11 October 2024 12:18:09	25,0	136,0	0,149	162,4	0,000	0,000	100,0	0,0	0,0		173	8	293,0	6660,0
36	Size	5 BSUVs A 2	Friday, 11 October 2024 12:20:13	25,0	145,2	0,149	172,2	0,000	0,000	100,0	0,0	0,0		173	8	299,6	6808,8
37	Size	5 BSUVs A 3	Friday, 11 October 2024 12:22:16	25,0	135,8	0,123	155,6	0,000	0,000	100,0	0,0	0,0		173	8	309,2	7027,5
38	Size	6 BSUVs A 1	Friday, 11 October 2024 12:26:47	25,1	111,3	0,062	119,7	0,000	0,000	100,0	0,0	0,0		173	8	318,4	7235,9
39	Size	6 BSUVs A 2	Friday, 11 October 2024 12:29:00	25,0	109,6	0,091	121,3	0,000	0,000	100,0	0,0	0,0		173	8	314,5	7147,0
40	Size	6 BSUVs A 3	Friday, 11 October 2024 12:31:14	25,0	110,1	0,059	118,7	0,000	0,000	100,0	0,0	0,0		173	8	317,4	7212,6
41	Size	7 BSUVs S 1	Friday, 11 October 2024 12:36:50	25,0	111,5	0,084	123,2	0,000	0,000	100,0	0,0	0,0		173	8	286,3	6506,6
42	Size	7 BSUVs S 2	Friday, 11 October 2024 12:39:03	25,0	109,9	0,113	124,8	0,000	0,000	100,0	0,0	0,0		173	8	294,9	6703,4
43	Size	7 BSUVs S 3	Friday, 11 October 2024 12:41:16	25,0	111,7	0,093	124,4	0,000	0,000	100,0	0,0	0,0		173	8	293,3	6665,1
44	Size	1 BSUVs AS 1	Friday, 11 October 2024 12:46:18	25,0	186,2	0,166	225,4	0,000	0,000	100,0	0,0	0,0		173	8	317,3	7212,5
45	Size	1 BSUVs AS 2	Friday, 11 October 2024 12:48:21	25,0	186,9	0,161	223,8	0,000	0,000	100,0	0,0	0,0		173	8	314,2	7142,0
46	Size	1 BSUVs AS 3	Friday, 11 October 2024 12:50:24	25,0	189,9	0,151	224,7	0,000	0,000	100,0	0,0	0,0		173	8	315,2	7163,5
47	Size	2 DSUVs AS 1	Friday, 11 October 2024 12:55:59	25,0	118,3	0,023	124,4	0,000	0,000	100,0	0,0	0,0		173	7	167,3	13261,0
48	Size	2 DSUVs AS 2	Friday, 11 October 2024 12:58:43	25,0	118,1	0,046	125,4	0,000	0,000	100,0	0,0	0,0		173	7	167,9	13314,2
49	Size	2 DSUVs AS 3	Friday, 11 October 2024 13:01:27	25,0	117,5	0,063	126,7	0,000	0,000	100,0	0,0	0,0		173	7	167,1	13249,8
50	Size	3 BSUVs AS 1	Friday, 11 October 2024 13:06:05	25,0	162,9	0,205	189,3	4714	0,000	98,1	1,9	0,0		173	8	364,6	8286,8
51	Size	3 BSUVs AS 2	Friday, 11 October 2024 13:08:09	25,0	162,6	0,227	190,3	4684	0,000	97,5	2,5	0,0		173	8	372,1	8455,9
52	Size	3 BSUVs AS 3	Friday, 11 October 2024 13:10:12	25,0	162,6	0,215	193,3	4909	0,000	98,6	1,4	0,0		173	8	369,1	8389,3
53	Size	4 BSUVs AS 1	Friday, 11 October 2024 13:14:44	25,0	165,6	0,164	198,5	0,000	0,000	100,0	0,0	0,0		173	8	379,3	8620,2
54	Size	4 BSUVs AS 2	Friday, 11 October 2024 13:16:46	25,0	166,1	0,154	198,8	0,000	0,000	100,0	0,0	0,0		173	8	380,5	8646,7
55	Size	4 BSUVs AS 3	Friday, 11 October 2024 13:18:49	25,0	166,0	0,155	197,1	0,000	0,000	100,0	0,0	0,0		173	8	378,3	8596,7
56	Size	5 BSUVs AS 1	Friday, 11 October 2024 13:23:41	25,0	313,9	0,422	412,2	4532	0,000	93,2	6,8	0,0		173	8	250,5	5692,9
57	Size	5 BSUVs AS 2	Friday, 11 October 2024 13:25:54	25,0	313,7	0,389	458,6	5155	0,000	98,8	1,2	0,0		173	8	248,5	5648,7
58	Size	5 BSUVs AS 3	Friday, 11 October 2024 13:28:07	25,0	326,6	0,314	466,9	26,96	0,000	98,9	1,1	0,0		173	8	244,8	5564,2
59	Size	6 BSUVs AS 1	Friday, 11 October 2024 13:33:36	25,0	231,0	0,192	268,8	0,000	0,000	100,0	0,0	0,0		173	7	126,0	9986,7
60	Size	6 BSUVs AS 2	Friday, 11 October 2024 13:36:30	25,0	223,2	0,197	259,9	0,000	0,000	100,0	0,0	0,0		173	7	137,3	10889,0
61	Size	6 BSUVs AS 3	Friday, 11 October 2024 13:39:24	25,0	230,4	0,186	280,2	0,000	0,000	100,0	0,0	0,0		173	7	132,4	10495,8
