Record	Type	Sample Name	Measurement Date and Time	T (∞C)	Z-Ave (d.nm)	PdI	Pk 1 Mean Int (d.nm)	Pk 2 Mean Int (d.nm)	Pk 3 Mean Int (d.nm)	Pk 1 Area Int (Percent)	Pk 2 Area Int (Percent)	Pk 3 Area Int (Percent)	Aggregation Index	Scattering Angle (∞)	Attenuator	Mean Count Rate (kcps)	Derived Count Rate (kcps)
1	Size	1 BSUVs 1	Wednesday, 27 August 2025 12:40:46	25.000	124.100	0.023	131.000	0.000	0	100	0.000	0		174.700	7	424.000	30290.000
2	Size	1 BSUVs 2	Wednesday, 27 August 2025 12:43:43	25.000	124.100	0.072	136.000	0.000	0	100	0.000	0		174.700	7	430.900	30780.000
3	Size	1 BSUVs 3	Wednesday, 27 August 2025 12:44:44	25.010	122.400	0.025	129.500	0.000	0	100	0.000	0		174.700	7	430.000	30710.000
4	Size	2 DSUVs 1	Wednesday, 27 August 2025 12:52:41	25.010	134.700	0.073	145.900	0.000	0	100	0.000	0		174.700	6	263.200	64200.000
5	Size	2 DSUVs 2	Wednesday, 27 August 2025 12:56:01	25.010	136.600	0.003	141.700	0.000	0	100	0.000	0		174.700	6	266.400	64970.000
6	Size	2 DSUVs 3	Wednesday, 27 August 2025 12:56:38	25.000	137.700	0.033	144.900	0.000	0	100	0.000	0		174.700	6	266.000	64880.000
7	Size	3 BSUVs 1	Wednesday, 27 August 2025 13:03:02	25.000	120.500	0.051	129.500	0.000	0	100	0.000	0		174.700	7	396.900	28350.000
8	Size	3 BSUVs 2	Wednesday, 27 August 2025 13:06:11	25.010	120.100	0.091	133.000	0.000	0	100	0.000	0		174.700	7	396.900	28350.000
9	Size	3 BSUVs 3	Wednesday, 27 August 2025 13:06:48	25.000	121.600	0.061	132.400	0.000	0	100	0.000	0		174.700	7	399.400	28530.000
10	Size	4 BSUVs 1	Wednesday, 27 August 2025 13:14:26	25.000	119.500	0.057	128.300	0.000	0	100	0.000	0		174.700	7	423.500	30250.000
11	Size	4 BSUVs 2	Wednesday, 27 August 2025 13:17:24	25.000	120.300	0.061	129.900	0.000	0	100	0.000	0		174.700	7	419.400	29960.000
12	Size	4 BSUVs 3	Wednesday, 27 August 2025 13:18:12	25.000	121.400	0.028	128.200	0.000	0	100	0.000	0		174.700	7	421.600	30120.000
13	Size	5 DSUVs 1	Wednesday, 27 August 2025 13:26:12	25.000	133.500	0.073	145.100	0.000	0	100	0.000	0		174.700	6	235.100	57350.000
14	Size	5 DSUVs 2	Wednesday, 27 August 2025 13:29:56	25.000	135.100	0.029	142.300	0.000	0	100	0.000	0		174.700	6	237.900	58020.000
15	Size	5 DSUVs 3	Wednesday, 27 August 2025 13:31:21	25.000	136.500	0.035	144.500	0.000	0	100	0.000	0		174.700	6	235.200	57370.000
16	Size	6 DSUVs 1	Wednesday, 27 August 2025 13:37:55	25.000	130.500	0.031	138.100	0.000	0	100	0.000	0		174.700	6	273.900	66800.000
17	Size	6 DSUVs 2	Wednesday, 27 August 2025 13:40:50	25.000	133.300	0.024	140.000	0.000	0	100	0.000	0		174.700	6	275.900	67300.000
18	Size	6 DSUVs 3	Wednesday, 27 August 2025 13:42:03	25.000	135.000	0.056	145.000	0.000	0	100	0.000	0		174.700	6	276.800	67500.000
19	Size	1 BSUVs Bio 1	Wednesday, 27 August 2025 13:49:57	25.000	122.200	0.122	129.600	0.000	0	100	0.000	0		174.700	6	146.500	35740.000
20	Size	1 BSUVs Bio 2	Wednesday, 27 August 2025 13:53:17	25.000	122.500	0.049	130.900	0.000	0	100	0.000	0		174.700	7	437.900	31280.000
21	Size	1 BSUVs Bio 3	Wednesday, 27 August 2025 13:54:05	25.000	123.900	0.070	135.400	0.000	0	100	0.000	0		174.700	7	440.000	31430.000
22	Size	2 DSUVs Bio 1	Wednesday, 27 August 2025 14:02:13	25.000	134.000	0.033	141.900	0.000	0	100	0.000	0		174.700	6	266.500	65010.000
23	Size	2 DSUVs Bio 2	Wednesday, 27 August 2025 14:05:21	25.000	136.000	0.039	144.500	0.000	0	100	0.000	0		174.700	6	266.200	64940.000
24	Size	2 DSUVs Bio 3	Wednesday, 27 August 2025 14:06:34	25.000	136.400	0.005	142.700	0.000	0	100	0.000	0		174.700	6	265.800	64820.000
25	Size	3 BSUVs NBio 1	Wednesday, 27 August 2025 14:13:44	25.000	119.000	0.072	130.000	0.000	0	100	0.000	0		174.700	7	403.600	28830.000
26	Size	3 BSUVs NBio 2	Wednesday, 27 August 2025 14:17:06	25.000	119.600	0.036	126.000	0.000	0	100	0.000	0		174.700	7	398.200	28440.000
27	Size	3 BSUVs NBio 3	Wednesday, 27 August 2025 14:17:43	25.000	119.800	0.061	128.700	0.000	0	100	0.000	0		174.700	7	397.000	28360.000
28	Size	4 BSUVs Bio 1	Wednesday, 27 August 2025 14:24:57	25.000	120.400	0.056	129.500	0.000	0	100	0.000	0		174.700	7	428.000	30570.000
29	Size	4 BSUVs Bio 2	Wednesday, 27 August 2025 14:27:43	25.000	120.800	0.041	128.700	0.000	0	100	0.000	0		174.700	7	429.700	30700.000
30	Size	4 BSUVs Bio 3	Wednesday, 27 August 2025 14:29:20	25.000	121.200	0.076	132.400	0.000	0	100	0.000	0		174.700	7	426.700	30480.000
31	Size	5 DSUVs NBio 1	Wednesday, 27 August 2025 14:35:56	25.000	131.600	0.045	140.100	0.000	0	100	0.000	0		174.700	6	235.400	57420.000
32	Size	5 DSUVs NBio 2	Wednesday, 27 August 2025 14:39:03	25.000	134.200	0.071	146.100	0.000	0	100	0.000	0		174.700	6	237.800	58000.000
33	Size	5 DSUVs NBio 3	Wednesday, 27 August 2025 14:39:52	25.000	133.900	0.108	151.800	0.000	0	100	0.000	0		174.700	6	238.500	58180.000
34	Size	6 DSUVs Bio 1	Wednesday, 27 August 2025 14:47:40	25.000	133.800	0.056	143.800	0.000	0	100	0.000	0		174.700	6	282.200	68830.000
35	Size	6 DSUVs Bio 2	Wednesday, 27 August 2025 14:51:00	25.000	135.900	0.047	145.800	0.000	0	100	0.000	0		174.700	6	281.800	68740.000
36	Size	6 DSUVs Bio 3	Wednesday, 27 August 2025 14:52:25	25.000	135.500	0.060	145.500	0.000	0	100	0.000	0		174.700	6	280.200	68340.000
37	Size	1 BSUVs Bio 4KL 1	Wednesday, 27 August 2025 15:00:26	25.000	158.800	0.153	185.900	0.000	0	100	0.000	0		174.700	6	141.300	34470.000
38	Size	1 BSUVs Bio 4KL 2	Wednesday, 27 August 2025 15:03:23	25.000	161.300	0.137	186.200	0.000	0	100	0.000	0		174.700	7	428.300	30590.000
39	Size	1 BSUVs Bio 4KL 3	Wednesday, 27 August 2025 15:04:36	25.000	163.800	0.159	195.000	0.000	0	100	0.000	0		174.700	7	433.400	30960.000
40	Size	2 DSUVs Bio 4KL 1	Wednesday, 27 August 2025 15:12:28	25.000	134.100	0.017	140.500	0.000	0	100	0.000	0		174.700	6	268.100	65390.000
41	Size	2 DSUVs Bio 4KL 2	Wednesday, 27 August 2025 15:15:48	25.000	134.800	0.049	144.500	0.000	0	100	0.000	0		174.700	6	268.800	65570.000
42	Size	2 DSUVs Bio 4KL 3	Wednesday, 27 August 2025 15:17:13	25.000	136.100	0.044	145.200	0.000	0	100	0.000	0		174.700	6	266.500	65010.000
43	Size	3 BSUVs NBio 4KL 1	Wednesday, 27 August 2025 15:24:03	25.000	117.500	0.083	129.100	0.000	0	100	0.000	0		174.700	7	407.500	29110.000
44	Size	3 BSUVs NBio 4KL 2	Wednesday, 27 August 2025 15:27:13	25.000	118.200	0.067	128.200	0.000	0	100	0.000	0		174.700	7	410.400	29310.000
45	Size	3 BSUVs NBio 4KL 3	Wednesday, 27 August 2025 15:28:14	25.000	120.000	0.094	133.800	0.000	0	100	0.000	0		174.700	7	414.000	29570.000
46	Size	4 BSUVs Bio 1KL 1	Wednesday, 27 August 2025 15:35:42	25.000	125.000	0.110	141.400	0.000	0	100	0.000	0		174.700	7	437.500	31250.000
47	Size	4 BSUVs Bio 1KL 2	Wednesday, 27 August 2025 15:38:52	25.000	133.100	0.100	148.700	0.000	0	100	0.000	0		174.700	7	443.400	31670.000
48	Size	4 BSUVs Bio 1KL 3	Wednesday, 27 August 2025 15:40:05	25.000	130.800	0.105	147.200	0.000	0	100	0.000	0		174.700	7	441.300	31520.000
49	Size	5 DSUVs NBio 4KL 1	Wednesday, 27 August 2025 15:47:17	25.000	130.600	0.066	142.100	0.000	0	100	0.000	0		174.700	6	246.000	59990.000
50	Size	5 DSUVs NBio 4KL 2	Wednesday, 27 August 2025 15:50:13	25.000	133.000	0.047	142.200	0.000	0	100	0.000	0		174.700	6	247.000	60250.000
51	Size	5 DSUVs NBio 4KL 3	Wednesday, 27 August 2025 15:51:26	25.000	134.900	0.062	146.000	0.000	0	100	0.000	0		174.700	6	248.900	60720.000
52	Size	6 DSUVs Bio 1KL 1	Wednesday, 27 August 2025 15:59:15	25.000	129.500	0.084	142.400	0.000	0	100	0.000	0		174.700	6	282.100	68790.000
53	Size	6 DSUVs Bio 1KL 2	Wednesday, 27 August 2025 16:02:47	25.000	134.000	0.066	145.800	0.000	0	100	0.000	0		174.700	6	286.400	69860.000
54	Size	6 DSUVs Bio 1KL 3	Wednesday, 27 August 2025 16:04:00	25.000	134.500	0.092	148.600	0.000	0	100	0.000	0		174.700	6	288.300	70320.000
55	Size	7 BSUVs 1	Wednesday, 27 August 2025 16:11:32	25.000	121.500	0.056	130.700	0.000	0	100	0.000	0		174.700	7	425.100	30360.000
56	Size	7 BSUVs 2	Wednesday, 27 August 2025 16:14:41	25.000	119.900	0.081	132.200	0.000	0	100	0.000	0		174.700	7	422.900	30210.000
57	Size	7 BSUVs 3	Wednesday, 27 August 2025 16:15:43	25.000	122.300	0.068	132.700	0.000	0	100	0.000	0		174.700	7	429.200	30660.000
58	Size	8 BSUVs 1	Wednesday, 27 August 2025 16:23:39	25.000	123.100	0.039	130.900	0.000	0	100	0.000	0		174.700	7	430.300	30740.000
59	Size	8 BSUVs 2	Wednesday, 27 August 2025 16:27:01	25.000	122.000	0.037	130.300	0.000	0	100	0.000	0		174.700	7	425.300	30380.000
60	Size	8 BSUVs 3	Wednesday, 27 August 2025 16:27:51	25.000	121.500	0.056	130.800	0.000	0	100	0.000	0		174.700	7	428.500	30600.000
61	Size	7 BSUVs 4KL 1	Wednesday, 27 August 2025 17:17:13	25.000	122.100	0.024	128.700	0.000	0	100	0.000	0		174.700	7	426.500	30470.000
62	Size	7 BSUVs 4KL 2	Wednesday, 27 August 2025 17:19:59	25.000	124.100	0.054	134.400	0.000	0	100	0.000	0		174.700	7	432.000	30850.000
63	Size	7 BSUVs 4KL 3	Wednesday, 27 August 2025 17:21:00	25.000	122.400	0.038	130.100	0.000	0	100	0.000	0		174.700	7	428.800	30630.000
64	Size	8 BSUVs 1KL 1	Wednesday, 27 August 2025 17:27:55	25.000	122.100	0.084	134.300	0.000	0	100	0.000	0		174.700	6	146.900	35840.000
65	Size	8 BSUVs 1KL 2	Wednesday, 27 August 2025 17:31:03	25.000	121.100	0.055	128.600	0.000	0	100	0.000	0		174.700	7	442.200	31590.000
66	Size	8 BSUVs 1KL 3	Wednesday, 27 August 2025 17:31:40	25.000	119.800	0.046	127.300	0.000	0	100	0.000	0		174.700	7	441.700	31550.000
