Record	Type	Sample Name	Measurement Date and Time	T (∞C)	Z-Ave (d.nm)	PdI	Pk 1 Mean Int (d.nm)	Pk 2 Mean Int (d.nm)	Pk 3 Mean Int (d.nm)	Pk 1 Area Int (Percent)	Pk 2 Area Int (Percent)	Pk 3 Area Int (Percent)	Aggregation Index	Scattering Angle (∞)	Attenuator	Mean Count Rate (kcps)	Derived Count Rate (kcps)
1	Size	1 BSUVs 1	Friday, 05 September 2025 10:32:19	25.010	122.700	0.033	128.800	0.000	0	100	0.000	0		174.700	6	152.200	37120.000
2	Size	1 BSUVs 2	Friday, 05 September 2025 10:35:14	25.000	120.800	0.040	128.500	0.000	0	100	0.000	0		174.700	6	155.000	37810.000
3	Size	1 BSUVs 3	Friday, 05 September 2025 10:36:39	25.000	121.200	0.032	127.000	0.000	0	100	0.000	0		174.700	6	155.200	37860.000
4	Size	2 DSUVs 1	Friday, 05 September 2025 10:42:47	25.000	135.000	0.025	142.800	0.000	0	100	0.000	0		174.700	6	259.700	63340.000
5	Size	2 DSUVs 2	Friday, 05 September 2025 10:45:31	25.000	133.000	0.069	144.200	0.000	0	100	0.000	0		174.700	6	258.100	62950.000
6	Size	2 DSUVs 3	Friday, 05 September 2025 10:46:19	25.000	134.800	0.041	143.700	0.000	0	100	0.000	0		174.700	6	262.800	64090.000
7	Size	3 BSUVs 1	Friday, 05 September 2025 10:53:11	25.010	117.800	0.062	126.800	0.000	0	100	0.000	0		174.700	6	149.900	36560.000
8	Size	3 BSUVs 2	Friday, 05 September 2025 10:56:31	25.000	121.300	0.059	131.100	0.000	0	100	0.000	0		174.700	6	154.500	37690.000
9	Size	3 BSUVs 3	Friday, 05 September 2025 10:57:32	25.000	119.200	0.036	125.800	0.000	0	100	0.000	0		174.700	6	149.800	36540.000
10	Size	4 BSUVs 1	Friday, 05 September 2025 11:04:06	25.000	117.300	0.043	124.500	0.000	0	100	0.000	0		174.700	6	155.800	37990.000
11	Size	4 BSUVs 2	Friday, 05 September 2025 11:06:49	25.000	120.300	0.017	126.300	0.000	0	100	0.000	0		174.700	6	156.100	38080.000
12	Size	4 BSUVs 3	Friday, 05 September 2025 11:08:02	25.000	119.700	0.052	128.000	0.000	0	100	0.000	0		174.700	6	156.100	38080.000
13	Size	5 DSUVs 1	Friday, 05 September 2025 11:15:15	25.000	134.400	0.041	142.300	0.000	0	100	0.000	0		174.700	6	255.400	62300.000
14	Size	5 DSUVs 2	Friday, 05 September 2025 11:18:59	25.000	135.500	0.055	144.500	0.000	0	100	0.000	0		174.700	6	245.700	59930.000
15	Size	5 DSUVs 3	Friday, 05 September 2025 11:20:00	25.000	133.500	0.068	144.200	0.000	0	100	0.000	0		174.700	6	255.200	62230.000
16	Size	6 DSUVs 1	Friday, 05 September 2025 11:27:18	25.000	133.000	0.027	140.300	0.000	0	100	0.000	0		174.700	6	254.700	62130.000
17	Size	6 DSUVs 2	Friday, 05 September 2025 11:30:26	25.000	134.600	0.035	142.200	0.000	0	100	0.000	0		174.700	6	256.200	62480.000
18	Size	6 DSUVs 3	Friday, 05 September 2025 11:31:51	25.000	133.300	0.017	139.500	0.000	0	100	0.000	0		174.700	6	255.600	62340.000
19	Size	1 BSUVs Bio 1	Friday, 05 September 2025 11:38:43	25.000	120.500	0.041	128.600	0.000	0	100	0.000	0		174.700	6	161.100	39300.000
20	Size	1 BSUVs Bio 2	Friday, 05 September 2025 11:41:51	25.000	119.800	0.052	128.000	0.000	0	100	0.000	0		174.700	6	161.600	39400.000
21	Size	1 BSUVs Bio 3	Friday, 05 September 2025 11:42:40	25.000	120.500	0.026	126.900	0.000	0	100	0.000	0		174.700	6	162.000	39510.000
22	Size	2 DSUVs Bio 1	Friday, 05 September 2025 11:49:50	25.000	132.100	0.034	140.300	0.000	0	100	0.000	0		174.700	6	260.500	63540.000
23	Size	2 DSUVs Bio 2	Friday, 05 September 2025 11:53:10	25.000	132.400	0.058	142.500	0.000	0	100	0.000	0		174.700	6	262.800	64110.000
24	Size	2 DSUVs Bio 3	Friday, 05 September 2025 11:53:59	25.000	134.500	0.044	143.000	0.000	0	100	0.000	0		174.700	6	265.300	64710.000
25	Size	3 BSUVs NBio 1	Friday, 05 September 2025 12:00:50	25.000	117.900	0.049	125.400	0.000	0	100	0.000	0		174.700	6	151.200	36870.000
26	Size	3 BSUVs NBio 2	Friday, 05 September 2025 12:04:09	25.000	118.600	0.029	125.300	0.000	0	100	0.000	0		174.700	6	153.500	37430.000
27	Size	3 BSUVs NBio 3	Friday, 05 September 2025 12:04:46	25.000	121.400	0.056	131.100	0.000	0	100	0.000	0		174.700	6	152.400	37160.000
28	Size	4 BSUVs Bio 1	Friday, 05 September 2025 12:11:38	25.000	119.200	0.060	129.600	0.000	0	100	0.000	0		174.700	6	159.200	38830.000
29	Size	4 BSUVs Bio 2	Friday, 05 September 2025 12:14:33	25.000	119.400	0.070	128.900	0.000	0	100	0.000	0		174.700	6	157.700	38450.000
30	Size	4 BSUVs Bio 3	Friday, 05 September 2025 12:15:58	25.000	119.700	0.063	129.400	0.000	0	100	0.000	0		174.700	6	157.400	38400.000
31	Size	5 DSUVs NBio 1	Friday, 05 September 2025 12:22:56	25.000	134.500	0.041	143.500	0.000	0	100	0.000	0		174.700	6	258.500	63060.000
32	Size	5 DSUVs NBio 2	Friday, 05 September 2025 12:26:28	25.000	131.700	0.052	141.000	0.000	0	100	0.000	0		174.700	6	254.200	62010.000
33	Size	5 DSUVs NBio 3	Friday, 05 September 2025 12:27:17	25.000	133.100	0.038	140.500	0.000	0	100	0.000	0		174.700	6	256.600	62590.000
34	Size	6 DSUVs Bio 1	Friday, 05 September 2025 12:33:52	25.000	132.400	0.094	146.800	0.000	0	100	0.000	0		174.700	6	259.400	63270.000
35	Size	6 DSUVs Bio 2	Friday, 05 September 2025 12:37:12	25.000	132.600	0.018	139.200	0.000	0	100	0.000	0		174.700	6	253.700	61880.000
36	Size	6 DSUVs Bio 3	Friday, 05 September 2025 12:38:00	25.000	134.300	0.086	148.000	0.000	0	100	0.000	0		174.700	6	254.700	62120.000
37	Size	1 BSUVs Bio 4KL 1	Friday, 05 September 2025 12:44:53	25.000	122.700	0.116	139.700	0.000	0	100	0.000	0		174.700	6	162.100	39540.000
38	Size	1 BSUVs Bio 4KL 2	Friday, 05 September 2025 12:48:37	25.000	126.800	0.077	139.200	0.000	0	100	0.000	0		174.700	6	160.200	39060.000
39	Size	1 BSUVs Bio 4KL 3	Friday, 05 September 2025 12:50:03	25.000	125.600	0.070	136.600	0.000	0	100	0.000	0		174.700	6	160.900	39260.000
40	Size	2 DSUVs Bio 4KL 1	Friday, 05 September 2025 12:56:46	25.000	132.100	0.036	139.900	0.000	0	100	0.000	0		174.700	6	268.200	65420.000
41	Size	2 DSUVs Bio 4KL 2	Friday, 05 September 2025 12:59:54	25.000	131.700	0.080	145.300	0.000	0	100	0.000	0		174.700	6	266.300	64950.000
42	Size	2 DSUVs Bio 4KL 3	Friday, 05 September 2025 13:00:55	25.000	130.800	0.094	145.900	0.000	0	100	0.000	0		174.700	6	267.900	65350.000
43	Size	3 BSUVs NBio 4KL 1	Friday, 05 September 2025 13:08:07	25.000	116.100	0.079	126.600	0.000	0	100	0.000	0		174.700	6	154.600	37710.000
44	Size	3 BSUVs NBio 4KL 2	Friday, 05 September 2025 13:11:15	25.000	115.700	0.140	131.000	0.000	0	100	0.000	0		174.700	6	154.400	37660.000
45	Size	3 BSUVs NBio 4KL 3	Friday, 05 September 2025 13:12:04	25.000	118.300	0.082	130.000	0.000	0	100	0.000	0		174.700	6	154.900	37770.000
46	Size	4 BSUVs Bio 1KL 1	Friday, 05 September 2025 13:20:06	25.000	129.200	0.086	141.900	0.000	0	100	0.000	0		174.700	6	158.700	38710.000
47	Size	4 BSUVs Bio 1KL 2	Friday, 05 September 2025 13:23:01	25.000	131.500	0.123	150.800	0.000	0	100	0.000	0		174.700	6	158.700	38700.000
48	Size	4 BSUVs Bio 1KL 3	Friday, 05 September 2025 13:24:14	25.000	132.400	0.123	150.700	0.000	0	100	0.000	0		174.700	6	157.300	38380.000
49	Size	5 DSUVs NBio 4KL 1	Friday, 05 September 2025 13:34:01	25.000	133.700	0.069	144.900	0.000	0	100	0.000	0		174.700	6	259.200	63220.000
50	Size	5 DSUVs NBio 4KL 2	Friday, 05 September 2025 13:37:33	25.000	133.400	0.050	142.500	0.000	0	100	0.000	0		174.700	6	256.700	62610.000
51	Size	5 DSUVs NBio 4KL 3	Friday, 05 September 2025 13:39:10	25.000	135.400	0.070	147.800	0.000	0	100	0.000	0		174.700	6	257.500	62800.000
52	Size	6 DSUVs Bio 1KL 1	Friday, 05 September 2025 13:46:05	25.000	134.100	0.055	143.800	0.000	0	100	0.000	0		174.700	6	261.600	63810.000
53	Size	6 DSUVs Bio 1KL 2	Friday, 05 September 2025 13:49:00	25.000	134.500	0.039	142.700	0.000	0	100	0.000	0		174.700	6	265.100	64660.000
54	Size	6 DSUVs Bio 1KL 3	Friday, 05 September 2025 13:49:49	25.000	133.800	0.060	144.400	0.000	0	100	0.000	0		174.700	6	264.600	64530.000
55	Size	7 BSUVs 1	Friday, 05 September 2025 13:56:22	25.000	121.200	0.067	131.000	0.000	0	100	0.000	0		174.700	6	153.500	37440.000
56	Size	7 BSUVs 2	Friday, 05 September 2025 13:59:18	25.000	119.600	0.063	128.900	0.000	0	100	0.000	0		174.700	6	152.600	37220.000
57	Size	7 BSUVs 3	Friday, 05 September 2025 14:00:43	25.000	121.200	0.026	128.000	0.000	0	100	0.000	0		174.700	6	152.000	37070.000
58	Size	8 BSUVs 1	Friday, 05 September 2025 14:07:08	25.000	120.400	0.066	130.100	0.000	0	100	0.000	0		174.700	6	155.600	37960.000
59	Size	8 BSUVs 2	Friday, 05 September 2025 14:11:28	25.000	120.500	0.061	128.600	0.000	0	100	0.000	0		174.700	6	155.600	37950.000
60	Size	8 BSUVs 3	Friday, 05 September 2025 14:12:29	25.000	120.900	0.077	132.100	0.000	0	100	0.000	0		174.700	6	155.700	37980.000
61	Size	7 BSUVs 4KL 1	Friday, 05 September 2025 15:04:35	25.000	118.600	0.075	129.800	0.000	0	100	0.000	0		174.700	6	151.400	36920.000
62	Size	7 BSUVs 4KL 2	Friday, 05 September 2025 15:07:31	25.000	118.400	0.030	125.200	0.000	0	100	0.000	0		174.700	6	152.100	37110.000
63	Size	7 BSUVs 4KL 3	Friday, 05 September 2025 15:08:08	25.000	118.500	0.073	128.500	0.000	0	100	0.000	0		174.700	6	152.600	37230.000
64	Size	8 BSUVs 1KL 1	Friday, 05 September 2025 15:14:36	25.000	119.700	0.080	131.000	0.000	0	100	0.000	0		174.700	6	157.200	38330.000
65	Size	8 BSUVs 1KL 2	Friday, 05 September 2025 15:18:33	25.000	119.500	0.056	127.900	0.000	0	100	0.000	0		174.700	6	156.100	38080.000
66	Size	8 BSUVs 1KL 3	Friday, 05 September 2025 15:19:35	25.000	119.500	0.055	128.300	0.000	0	100	0.000	0		174.700	6	156.600	38190.000
