Record	Type	Sample Name	Measurement Date and Time	T (°C)	Z-Ave (d.nm)	PdI	Pk 1 Mean Int (d.nm)	Pk 2 Mean Int (d.nm)	Pk 3 Mean Int (d.nm)	Pk 1 Area Int (Percent)	Pk 2 Area Int (Percent)	Pk 3 Area Int (Percent)	Aggregation Index	Scattering Angle (°)	Attenuator	Mean Count Rate (kcps)	Derived Count Rate (kcps)
1	Size	1 BSUVs 1	Thursday, 14 November 2024 17:41:41	25,0	111,0	0,056	119,5	0,000	0,000	100,0	0,0	0,0		173	7	266,2	21102,2
2	Size	1 BSUVs 2	Thursday, 14 November 2024 17:43:54	25,0	106,8	0,028	112,3	0,000	0,000	100,0	0,0	0,0		173	7	119,9	9509,4
3	Size	1 BSUVs 3	Thursday, 14 November 2024 17:46:08	25,0	108,4	0,050	115,7	0,000	0,000	100,0	0,0	0,0		173	7	172,4	13670,1
13	Size	1 BSUVs 0 1	Thursday, 14 November 2024 18:41:00	25,0	109,0	0,054	116,6	0,000	0,000	100,0	0,0	0,0		173	8	396,7	9017,0
14	Size	1 BSUVs 0 2	Thursday, 14 November 2024 18:43:04	25,0	108,8	0,071	118,6	0,000	0,000	100,0	0,0	0,0		173	8	397,5	9034,3
15	Size	1 BSUVs 0 3	Thursday, 14 November 2024 18:45:07	25,0	107,8	0,062	116,1	0,000	0,000	100,0	0,0	0,0		173	8	396,2	9004,3
19	Size	1 BSUVs 0.5 1	Thursday, 14 November 2024 19:11:26	25,0	131,5	0,122	151,2	0,000	0,000	100,0	0,0	0,0		173	7	134,3	10645,1
20	Size	1 BSUVs 0.5 2	Thursday, 14 November 2024 19:14:20	25,0	131,1	0,131	151,4	0,000	0,000	100,0	0,0	0,0		173	7	133,6	10591,3
21	Size	1 BSUVs 0.5 3	Thursday, 14 November 2024 19:17:14	25,0	130,0	0,121	150,0	0,000	0,000	100,0	0,0	0,0		173	7	133,2	10557,7
25	Size	1 BSUVs 1 1	Thursday, 14 November 2024 19:42:17	25,0	153,4	0,170	185,5	0,000	0,000	100,0	0,0	0,0		173	7	125,6	9957,5
26	Size	1 BSUVs 1 2	Thursday, 14 November 2024 19:45:12	25,0	151,2	0,152	180,4	0,000	0,000	100,0	0,0	0,0		173	7	123,4	9781,7
27	Size	1 BSUVs 1 3	Thursday, 14 November 2024 19:48:06	25,0	152,1	0,173	184,9	0,000	0,000	100,0	0,0	0,0		173	7	123,4	9784,3
31	Size	1 BSUVs 2 1	Thursday, 14 November 2024 20:15:03	25,0	167,0	0,195	208,3	0,000	0,000	100,0	0,0	0,0		173	8	360,4	8190,7
32	Size	1 BSUVs 2 2	Thursday, 14 November 2024 20:17:06	25,0	165,3	0,211	210,9	0,000	0,000	100,0	0,0	0,0		173	8	354,1	8048,5
33	Size	1 BSUVs 2 3	Thursday, 14 November 2024 20:19:09	25,0	166,6	0,209	213,7	0,000	0,000	100,0	0,0	0,0		173	8	349,6	7945,2
37	Size	1 BSUVs 4 1	Thursday, 14 November 2024 20:45:11	25,0	169,3	0,241	228,4	43,64	0,000	95,7	4,3	0,0		173	8	307,2	6981,7
38	Size	1 BSUVs 4 2	Thursday, 14 November 2024 20:47:24	25,0	170,8	0,261	236,3	0,000	0,000	100,0	0,0	0,0		173	8	305,7	6947,9
39	Size	1 BSUVs 4 3	Thursday, 14 November 2024 20:49:38	25,0	170,8	0,261	223,2	37,55	0,000	96,1	3,9	0,0		173	8	301,8	6858,1
43	Size	1 BSUVs 8 1	Thursday, 14 November 2024 21:14:17	25,0	176,0	0,312	274,3	50,03	0,000	92,9	7,1	0,0		173	8	276,2	6278,2
44	Size	1 BSUVs 8 2	Thursday, 14 November 2024 21:16:31	25,0	173,6	0,321	264,1	31,09	9,177	93,4	5,8	0,8		173	8	271,7	6176,0
45	Size	1 BSUVs 8 3	Thursday, 14 November 2024 21:18:45	25,0	166,1	0,437	277,4	21,69	0,000	95,9	4,1	0,0		173	8	270,6	6150,7
49	Size	6 BSUVs 1	Tuesday, 19 November 2024 10:15:19	25,0	108,2	0,065	116,9	0,000	0,000	100,0	0,0	0,0		173	7	147,8	11717,7
50	Size	6 BSUVs 2	Tuesday, 19 November 2024 10:17:53	25,0	109,3	0,064	116,8	0,000	0,000	100,0	0,0	0,0		173	7	158,3	12550,9
51	Size	6 BSUVs 3	Tuesday, 19 November 2024 10:20:27	25,0	108,3	0,065	116,7	0,000	0,000	100,0	0,0	0,0		173	7	145,5	11537,3
52	Size	6 BSUVs 0 1	Tuesday, 19 November 2024 11:15:07	25,0	109,9	0,066	118,9	0,000	0,000	100,0	0,0	0,0		173	7	129,4	10256,5
53	Size	6 BSUVs 0 2	Tuesday, 19 November 2024 11:18:01	25,0	109,2	0,059	118,2	0,000	0,000	100,0	0,0	0,0		173	7	129,5	10268,3
54	Size	6 BSUVs 0 3	Tuesday, 19 November 2024 11:20:56	25,0	110,0	0,044	116,2	0,000	0,000	100,0	0,0	0,0		173	7	134,9	10691,4
55	Size	6 BSUVs 0.5 1	Tuesday, 19 November 2024 11:49:32	25,0	125,9	0,116	144,5	0,000	0,000	100,0	0,0	0,0		173	7	138,2	10960,5
56	Size	6 BSUVs 0.5 2	Tuesday, 19 November 2024 11:52:26	25,0	125,4	0,107	141,0	0,000	0,000	100,0	0,0	0,0		173	7	138,2	10956,4
57	Size	6 BSUVs 0.5 3	Tuesday, 19 November 2024 11:55:20	25,0	124,3	0,134	144,5	0,000	0,000	100,0	0,0	0,0		173	7	137,5	10903,5
58	Size	6 BSUVs 1 1	Tuesday, 19 November 2024 12:16:46	25,0	161,0	0,199	200,7	0,000	0,000	100,0	0,0	0,0		173	8	412,9	9384,3
59	Size	6 BSUVs 1 2	Tuesday, 19 November 2024 12:18:49	25,0	160,7	0,185	197,1	0,000	0,000	100,0	0,0	0,0		173	8	410,5	9328,7
60	Size	6 BSUVs 1 3	Tuesday, 19 November 2024 12:20:53	25,0	159,2	0,210	204,4	0,000	0,000	100,0	0,0	0,0		173	8	408,4	9281,5
61	Size	6 BSUVs 2 1	Tuesday, 19 November 2024 12:45:01	25,0	176,9	0,231	229,0	0,000	0,000	100,0	0,0	0,0		173	8	338,8	7698,9
62	Size	6 BSUVs 2 2	Tuesday, 19 November 2024 12:47:05	25,0	175,9	0,250	234,3	0,000	0,000	100,0	0,0	0,0		173	8	338,6	7696,6
63	Size	6 BSUVs 2 3	Tuesday, 19 November 2024 12:49:08	25,0	174,9	0,255	239,7	0,000	0,000	100,0	0,0	0,0		173	8	336,0	7637,1
64	Size	6 BSUVs 4 1	Tuesday, 19 November 2024 13:16:50	25,0	189,1	0,309	278,8	0,000	0,000	100,0	0,0	0,0		173	8	281,0	6386,7
65	Size	6 BSUVs 4 2	Tuesday, 19 November 2024 13:19:05	25,0	188,7	0,312	281,3	0,000	0,000	100,0	0,0	0,0		173	8	279,1	6342,4
66	Size	6 BSUVs 4 3	Tuesday, 19 November 2024 13:21:18	25,0	190,5	0,299	262,7	0,000	0,000	100,0	0,0	0,0		173	8	273,3	6210,7
67	Size	6 BSUVs 8 1	Tuesday, 19 November 2024 13:46:46	25,0	176,6	0,543	354,7	68,17	0,000	85,6	14,4	0,0		173	8	249,4	5668,0
68	Size	6 BSUVs 8 2	Tuesday, 19 November 2024 13:48:59	25,0	177,2	0,547	304,3	46,73	5237	88,3	10,6	1,1		173	8	247,5	5623,9
69	Size	6 BSUVs 8 3	Tuesday, 19 November 2024 13:51:13	25,0	183,8	0,474	320,6	31,68	0,000	92,0	8,0	0,0		173	8	245,7	5583,9
